# Blender v2.79 (sub 0) OBJ File: '02-pyramids.blend'
# www.blender.org
mtllib 02-pyramids.mtl
o Core-y_Cone.015
v -0.005773 0.268518 -0.378233
v -0.000000 0.273232 -0.374900
v 0.005773 0.268518 -0.378233
v -0.000000 0.263803 -0.381567
v -0.163780 0.010494 -0.287008
v -0.158006 0.005780 -0.290342
v -0.158006 0.001066 -0.283675
v -0.163780 0.005780 -0.280342
v 0.163780 0.010494 -0.287008
v 0.163780 0.005780 -0.280342
v 0.158006 0.001066 -0.283675
v 0.158006 0.005780 -0.290342
v 0.158006 0.273232 -0.101225
v 0.158006 0.268518 -0.094558
v 0.163780 0.263803 -0.097892
v 0.163780 0.268518 -0.104558
v 0.005774 0.005780 -0.006667
v -0.000000 0.010494 -0.003333
v -0.005773 0.005780 -0.006667
v 0.000000 0.001066 -0.010000
v -0.158006 0.273232 -0.101225
v -0.163780 0.268518 -0.104558
v -0.163780 0.263803 -0.097892
v -0.158006 0.268518 -0.094558
vt 0.660893 0.324673
vt 0.344880 0.166667
vt 0.660893 0.008660
vt 0.660893 0.991340
vt 0.344880 0.833333
vt 0.660893 0.675327
vt 0.327560 0.658006
vt 0.011547 0.500000
vt 0.327560 0.341994
vt 0.327559 0.675327
vt 0.327560 0.991340
vt 0.011547 0.833333
vt 0.678214 0.500000
vt 0.994226 0.341994
vt 0.994226 0.658006
vt 0.327560 0.324673
vt 0.011547 0.166667
vt 0.327560 0.008660
vt 0.344880 0.500000
vt 0.660893 0.341994
vt 0.660893 0.658006
vt 0.324673 0.004330
vt 0.333333 0.008660
vt 0.333333 0.324673
vt 0.324673 0.329003
vt 0.324673 0.670997
vt 0.333333 0.675327
vt 0.991340 0.004330
vt 1.000000 0.008660
vt 0.994227 0.008660
vt 0.333333 0.336220
vt 0.333333 0.341994
vt 0.678214 0.166667
vt 0.669553 0.168110
vt 0.675327 0.162336
vt 0.994227 0.324673
vt 0.675327 0.170997
vt 1.000000 0.324673
vt 0.008660 0.504330
vt 0.333333 0.658006
vt 0.008660 0.170997
vt 0.341994 0.504330
vt 0.333333 0.991340
vt 0.341994 0.829003
vt 0.658006 0.670997
vt 0.658006 0.337664
vt 0.991339 0.337664
vt 0.658006 0.329003
vt 0.341994 0.170997
vt 0.991340 0.662337
vt 0.675327 0.504330
vt 0.330447 0.001443
vt 0.333333 0.330447
vt 0.333333 0.669554
vt 1.000000 0.002887
vt 0.324673 0.337664
vt 0.991340 0.329003
vt 0.324673 0.662337
vt 0.658006 0.662337
vt 0.341994 0.495670
vt 0.675327 0.495670
vn -0.8165 -0.3333 0.4714
vn 0.0000 -0.3333 -0.9428
vn 0.8165 -0.3333 0.4714
vn 0.8165 0.3333 -0.4714
vn 0.0000 0.3333 0.9428
vn -0.8165 0.3333 -0.4714
vn 0.0000 -1.0000 0.0000
vn 0.0000 0.5773 -0.8165
vn -0.7071 -0.5774 -0.4082
vn 0.7071 -0.5774 -0.4082
vn 0.7071 0.5773 0.4083
vn 0.0000 -0.5774 0.8165
vn -0.7071 0.5774 0.4082
vn -0.5000 0.8165 -0.2887
vn 0.5000 0.8165 -0.2887
vn 1.0000 -0.0000 0.0000
vn 0.5000 -0.8165 0.2887
vn -1.0000 -0.0000 -0.0000
vn -0.5000 -0.8165 0.2887
vn 0.5000 -0.0000 -0.8660
vn -0.5000 0.0000 -0.8660
vn 0.0000 -0.8165 -0.5774
vn 0.0000 0.8165 0.5774
vn -0.5000 -0.0000 0.8660
vn 0.5000 -0.0000 0.8660
vn 0.0000 1.0000 0.0000
vn -0.7071 -0.5773 -0.4082
vn 0.7071 -0.5773 -0.4082
vn 0.0000 -0.5773 0.8165
vn -0.7071 0.5773 0.4083
vn 0.0000 0.8165 0.5773
g Core-y_Cone.015_Material.012
usemtl Material.012
s off
f 19/1/1 23/2/1 8/3/1
f 12/4/2 6/5/2 4/6/2
f 10/7/3 15/8/3 17/9/3
f 9/10/4 3/11/4 16/12/4
f 14/13/5 24/14/5 18/15/5
f 5/16/6 22/17/6 1/18/6
f 7/19/7 11/20/7 20/21/7
f 2/22/8 4/23/8 1/18/8
f 6/24/9 8/25/9 5/16/9
f 10/26/10 12/27/10 9/10/10
f 14/28/11 16/29/11 13/30/11
f 17/9/12 19/31/12 20/32/12
f 21/33/13 23/34/13 24/35/13
f 2/36/14 22/37/14 21/33/14
f 2/36/15 16/29/15 3/38/15
f 10/7/16 16/39/16 15/8/16
f 17/9/17 11/40/17 10/7/17
f 22/17/18 8/25/18 23/41/18
f 20/21/19 8/42/19 7/19/19
f 9/10/20 4/43/20 3/11/20
f 4/6/21 5/44/21 1/45/21
f 7/19/22 12/46/22 11/20/22
f 14/13/23 21/47/23 24/14/23
f 23/2/24 18/48/24 24/49/24
f 14/13/25 17/50/25 15/51/25
f 2/36/26 21/33/26 13/30/26
f 2/22/8 3/52/8 4/23/8
f 6/24/27 7/53/27 8/25/27
f 10/26/28 11/54/28 12/27/28
f 14/28/11 15/55/11 16/29/11
f 17/9/29 18/56/29 19/31/29
f 21/33/30 22/37/30 23/34/30
f 2/36/14 1/57/14 22/37/14
f 2/36/15 13/30/15 16/29/15
f 10/7/16 9/58/16 16/39/16
f 17/9/17 20/32/17 11/40/17
f 22/17/18 5/16/18 8/25/18
f 20/21/19 19/59/19 8/42/19
f 9/10/20 12/27/20 4/43/20
f 4/6/21 6/5/21 5/44/21
f 7/19/22 6/60/22 12/46/22
f 14/13/31 13/61/31 21/47/31
f 23/2/24 19/1/24 18/48/24
f 14/13/25 18/15/25 17/50/25
o Center_Cone.014
v -0.002887 0.268518 0.184117
v 0.002887 0.268518 0.184117
v 0.000000 0.273232 0.182450
v 0.158006 0.268518 -0.094558
v 0.158006 0.273232 -0.091225
v 0.160893 0.268518 -0.089558
v -0.002887 0.010494 0.001667
v -0.000000 0.010494 -0.003333
v 0.002887 0.010494 0.001667
v -0.158006 0.268518 -0.094558
v -0.160893 0.268518 -0.089558
v -0.158006 0.273232 -0.091225
vn 0.8165 -0.3333 0.4714
vn 0.0000 1.0000 0.0000
vn -0.0000 -0.3333 -0.9428
vn 0.0000 0.3333 0.9428
vn 0.8165 0.3333 -0.4714
vn 0.0000 -1.0000 0.0000
vn -0.8165 0.3333 -0.4714
vn -0.7071 -0.5773 -0.4082
vn -0.7071 0.5774 0.4083
vn -0.0000 0.5773 -0.8165
vn 0.7071 0.5774 0.4082
vn 0.7071 -0.5774 -0.4082
vn 0.0000 -0.5774 0.8165
vn -0.8165 -0.3333 0.4714
vn -0.7071 -0.5774 -0.4082
vn -0.7071 0.5774 0.4082
vn -0.0000 0.5774 -0.8165
vn 0.7071 -0.5773 -0.4083
g Center_Cone.014_Material.001
usemtl Material.001
s off
f 30//32 26//32 33//32
f 36//33 27//33 29//33
f 32//34 34//34 28//34
f 25//35 26//35 27//35
f 28//36 29//36 30//36
f 31//37 32//37 33//37
f 34//38 35//38 36//38
f 31//39 34//39 32//39
f 27//40 35//40 25//40
f 34//41 29//41 28//41
f 26//42 29//42 27//42
f 33//43 28//43 30//43
f 31//44 26//44 25//44
f 31//45 25//45 35//45
f 31//46 35//46 34//46
f 27//47 36//47 35//47
f 34//48 36//48 29//48
f 26//42 30//42 29//42
f 33//49 32//49 28//49
f 31//44 33//44 26//44
o Core-v_Cone.013
v 0.330447 0.268518 0.184117
v 0.324673 0.273232 0.187450
v 0.324673 0.268518 0.194117
v 0.330447 0.263803 0.190783
v 0.166667 0.001066 0.278675
v 0.172440 0.005780 0.282008
v 0.166667 0.010494 0.285342
v 0.160893 0.005780 0.282008
v 0.330447 0.010494 0.001667
v 0.330447 0.005780 0.008333
v 0.324673 0.001066 0.005000
v 0.324673 0.005780 -0.001667
v 0.008660 0.273232 0.187450
v 0.002887 0.268518 0.184117
v 0.002887 0.263803 0.190783
v 0.008660 0.268518 0.194117
v 0.166667 0.273232 -0.086225
v 0.172440 0.268518 -0.089558
v 0.166667 0.263803 -0.092892
v 0.160893 0.268518 -0.089558
v 0.008660 0.005780 -0.001667
v 0.008660 0.001066 0.005000
v 0.002887 0.005780 0.008333
v 0.002887 0.010494 0.001667
vt 0.327560 0.675327
vt 0.327560 0.991340
vt 0.011547 0.833333
vt 0.327560 0.008660
vt 0.327560 0.324673
vt 0.011547 0.166667
vt 0.327560 0.341994
vt 0.327560 0.658006
vt 0.011547 0.500000
vt 0.994226 0.324673
vt 0.678214 0.166667
vt 0.994226 0.008660
vt 0.994226 0.341994
vt 0.994227 0.658006
vt 0.678214 0.500000
vt 0.344880 0.833333
vt 0.660893 0.675327
vt 0.660893 0.991340
vt 0.344880 0.166667
vt 0.660893 0.008660
vt 0.660893 0.324673
vt 0.669553 0.498557
vt 0.675327 0.495670
vt 1.000000 0.324673
vt 0.991340 0.329003
vt 0.991340 0.337663
vt 1.000000 0.341994
vt 0.344880 0.500000
vt 0.336220 0.498557
vt 0.341994 0.495670
vt 0.666667 0.658006
vt 0.658006 0.662337
vt 0.660893 0.658006
vt 0.333333 0.330447
vt 0.324673 0.329003
vt 0.666667 0.341994
vt 0.658006 0.337664
vt 0.660893 0.341994
vt 1.000000 0.658006
vt 0.991340 0.004330
vt 0.675327 0.170997
vt 0.658006 0.329003
vt 0.341994 0.170997
vt 0.658007 0.004330
vt 0.324673 0.662336
vt 0.008660 0.504330
vt 0.333333 0.341994
vt 0.333333 0.658006
vt 0.341994 0.829003
vt 0.658006 0.670997
vt 0.008660 0.170997
vt 0.341994 0.504330
vt 0.675327 0.504330
vt 0.997113 0.331890
vt 1.000000 0.336220
vt 0.666667 0.663780
vt 0.333333 0.324673
vt 0.675327 0.162337
vt 0.341994 0.162337
vn -0.8165 -0.3333 0.4714
vn 0.0000 -0.3333 -0.9428
vn 0.8165 -0.3333 0.4714
vn 0.0000 -1.0000 -0.0000
vn 0.8165 0.3333 -0.4714
vn -0.8165 0.3333 -0.4714
vn -0.0000 0.3333 0.9428
vn 0.7071 0.5773 0.4083
vn 0.0000 -0.5773 0.8165
vn 0.7071 -0.5773 -0.4082
vn -0.7071 0.5774 0.4083
vn 0.0000 0.5773 -0.8165
vn -0.7071 -0.5773 -0.4082
vn 0.5000 0.8165 -0.2887
vn -0.0000 0.8165 0.5774
vn 0.5000 0.0000 -0.8660
vn 0.0000 -0.8165 -0.5774
vn -0.5000 -0.8165 0.2887
vn -0.5000 0.0000 0.8660
vn 0.5000 0.0000 0.8660
vn 1.0000 0.0000 0.0000
vn 0.5000 -0.8165 0.2887
vn -1.0000 -0.0000 0.0000
vn -0.5000 -0.0000 -0.8660
vn -0.5000 0.8165 -0.2887
vn 0.0000 1.0000 0.0000
vn 0.7071 0.5774 0.4082
vn 0.7071 -0.5774 -0.4082
vn -0.7071 0.5773 0.4083
vn -0.7071 -0.5774 -0.4082
vn 0.0000 -0.8165 -0.5773
g Core-v_Cone.013_Material.014
usemtl Material.014
s off
f 59/62/50 44/63/50 51/64/50
f 48/65/51 57/66/51 55/67/51
f 42/68/52 46/69/52 40/70/52
f 41/71/53 58/72/53 47/73/53
f 45/74/54 54/75/54 37/76/54
f 60/77/55 50/78/55 56/79/55
f 43/80/56 39/81/56 52/82/56
f 37/76/57 39/83/57 40/84/57
f 42/85/58 44/86/58 41/71/58
f 46/87/59 48/88/59 45/74/59
f 49/89/60 51/90/60 52/91/60
f 54/92/61 56/93/61 53/94/61
f 57/66/62 59/95/62 60/96/62
f 53/94/63 37/97/63 54/92/63
f 49/89/64 39/98/64 38/99/64
f 54/75/65 48/88/65 55/100/65
f 58/72/66 48/101/66 47/73/66
f 58/72/67 44/86/67 59/102/67
f 43/80/68 51/103/68 44/104/68
f 43/80/69 40/105/69 39/81/69
f 40/70/70 45/106/70 37/107/70
f 46/69/71 41/108/71 47/109/71
f 50/78/72 59/110/72 51/111/72
f 55/67/73 60/96/73 56/112/73
f 49/89/74 56/93/74 50/113/74
f 53/94/75 49/89/75 38/99/75
f 37/76/76 38/114/76 39/83/76
f 42/85/58 43/115/58 44/86/58
f 46/87/77 47/116/77 48/88/77
f 49/89/78 50/113/78 51/90/78
f 54/92/61 55/117/61 56/93/61
f 57/66/79 58/118/79 59/95/79
f 53/94/63 38/99/63 37/97/63
f 49/89/64 52/91/64 39/98/64
f 54/75/65 45/74/65 48/88/65
f 58/72/80 57/119/80 48/101/80
f 58/72/67 41/71/67 44/86/67
f 43/80/68 52/82/68 51/103/68
f 43/80/69 42/120/69 40/105/69
f 40/70/70 46/69/70 45/106/70
f 46/69/71 42/68/71 41/108/71
f 50/78/72 60/77/72 59/110/72
f 55/67/73 57/66/73 60/96/73
f 49/89/74 53/94/74 56/93/74
o Edge-uy_Cone.012
v -0.324673 0.001066 -0.005000
v -0.324673 0.005780 -0.001667
v -0.327560 0.005780 -0.006667
v -0.166667 0.001066 -0.278675
v -0.169553 0.005780 -0.280342
v -0.163780 0.005780 -0.280342
v -0.008660 0.005780 -0.001667
v -0.008660 0.001066 -0.005000
v -0.005773 0.005780 -0.006667
v -0.166667 0.263803 -0.092892
v -0.163780 0.263803 -0.097892
v -0.169553 0.263803 -0.097892
vt 0.991340 0.512990
vt 0.991340 0.987010
vt 0.517321 0.750000
vt 0.017320 0.250000
vt 0.491340 0.012990
vt 0.491340 0.487010
vt 0.991340 0.012990
vt 0.991340 0.487009
vt 0.517320 0.250000
vt 0.017321 0.750000
vt 0.012990 0.756495
vt 0.012990 0.743505
vt 0.491340 0.512990
vt 0.487010 0.506495
vt 0.500000 0.512990
vt 1.000000 0.987010
vt 0.987009 0.993505
vt 0.512990 0.756495
vt 0.512990 0.743505
vt 0.012990 0.256495
vt 0.987009 0.506495
vt 0.512990 0.256495
vt 1.000000 0.487009
vt 0.491340 0.987010
vt 0.487010 0.493505
vt 1.000000 0.512990
vt 0.987010 0.493505
vt 1.000000 0.012990
vn -0.0000 0.3333 0.9428
vn -0.8165 0.3333 -0.4714
vn 0.8165 0.3333 -0.4714
vn -0.8165 -0.3333 0.4714
vn 0.0000 -0.3333 -0.9428
vn 0.8165 -0.3333 0.4714
vn 0.0000 1.0000 0.0000
vn -0.7071 -0.5773 -0.4082
vn -0.7071 0.5773 0.4083
vn -0.0000 -0.5774 0.8165
vn 0.0000 0.5773 -0.8165
vn 0.7071 -0.5773 -0.4082
vn 0.7071 0.5773 0.4082
vn 0.0000 -1.0000 0.0000
vn -0.7071 0.5774 0.4082
vn 0.0000 0.5774 -0.8165
vn 0.7071 -0.5774 -0.4082
vn 0.7071 0.5774 0.4082
g Edge-uy_Cone.012_Material.010
usemtl Material.010
s off
f 62/121/81 67/122/81 70/123/81
f 63/124/82 72/125/82 65/126/82
f 69/127/83 66/128/83 71/129/83
f 61/130/84 62/131/84 63/132/84
f 64/133/85 65/134/85 66/135/85
f 67/122/86 68/136/86 69/137/86
f 70/123/87 71/138/87 72/139/87
f 65/126/88 61/140/88 63/124/88
f 70/123/89 63/141/89 62/121/89
f 62/121/90 68/136/90 67/122/90
f 66/128/91 72/142/91 71/129/91
f 69/127/92 64/143/92 66/128/92
f 67/122/93 71/138/93 70/123/93
f 64/133/94 68/144/94 61/130/94
f 65/126/88 64/145/88 61/140/88
f 70/123/95 72/139/95 63/141/95
f 62/121/90 61/146/90 68/136/90
f 66/128/96 65/147/96 72/142/96
f 69/127/97 68/148/97 64/143/97
f 67/122/98 69/137/98 71/138/98
o Edge-vy_Cone.011
v 0.166667 0.001066 -0.278675
v 0.163780 0.005780 -0.280342
v 0.169553 0.005780 -0.280342
v 0.324673 0.001066 -0.005000
v 0.327560 0.005780 -0.006667
v 0.324673 0.005780 -0.001667
v 0.163780 0.263803 -0.097892
v 0.166667 0.263803 -0.092892
v 0.169553 0.263803 -0.097892
v 0.005774 0.005780 -0.006667
v 0.008660 0.001066 -0.005000
v 0.008660 0.005780 -0.001667
vt 0.491340 0.012990
vt 0.491340 0.487010
vt 0.017321 0.250000
vt 0.491340 0.512990
vt 0.491340 0.987010
vt 0.017321 0.750000
vt 0.991340 0.487010
vt 0.517321 0.250000
vt 0.991340 0.012990
vt 0.991340 0.987010
vt 1.000000 0.987010
vt 0.987009 0.993505
vt 0.517320 0.750000
vt 0.512990 0.756495
vt 0.512990 0.743505
vt 0.487010 0.006495
vt 0.500000 0.012990
vt 0.012990 0.256495
vt 0.012990 0.243505
vt 0.487009 0.506495
vt 0.500000 0.987010
vt 1.000000 0.512990
vt 0.987010 0.006495
vt 0.512990 0.256495
vt 0.991340 0.512990
vt 0.012990 0.743505
vt 0.500000 0.512990
vt 0.512990 0.243505
vt 0.987010 0.493505
vn -0.8165 0.3333 -0.4714
vn 0.8165 0.3333 -0.4714
vn -0.0000 0.3333 0.9428
vn 0.0000 -0.3333 -0.9428
vn 0.8165 -0.3333 0.4714
vn 0.0000 1.0000 0.0000
vn -0.8165 -0.3333 0.4714
vn 0.7071 -0.5773 -0.4082
vn 0.0000 0.5773 -0.8165
vn -0.7071 -0.5774 -0.4082
vn 0.7071 0.5774 0.4083
vn -0.0000 -0.5774 0.8165
vn -0.7071 0.5774 0.4082
vn 0.0000 -1.0000 0.0000
vn 0.7071 -0.5774 -0.4082
vn 0.0000 0.5774 -0.8165
vn -0.7071 -0.5773 -0.4082
vn 0.7071 0.5773 0.4082
vn -0.7071 0.5773 0.4082
g Edge-vy_Cone.011_Material.008
usemtl Material.008
s off
f 79/149/99 74/150/99 82/151/99
f 75/152/100 81/153/100 77/154/100
f 84/155/101 78/156/101 80/157/101
f 73/158/102 74/159/102 75/160/102
f 76/161/103 77/162/103 78/163/103
f 79/149/104 80/164/104 81/165/104
f 82/151/105 83/166/105 84/167/105
f 77/154/106 73/168/106 75/152/106
f 75/152/107 79/169/107 81/153/107
f 73/158/108 82/170/108 74/159/108
f 78/156/109 81/171/109 80/157/109
f 84/155/110 76/172/110 78/156/110
f 79/149/111 84/167/111 80/164/111
f 76/161/112 83/173/112 73/158/112
f 77/154/113 76/174/113 73/168/113
f 75/152/114 74/175/114 79/169/114
f 73/158/115 83/173/115 82/170/115
f 78/156/116 77/176/116 81/171/116
f 84/155/110 83/177/110 76/172/110
f 79/149/117 82/151/117 84/167/117
o Edge-uv_Cone.010
v 0.158006 0.005780 0.287008
v 0.158006 0.001066 0.283675
v 0.160893 0.005780 0.282008
v -0.158006 0.001066 0.283675
v -0.158006 0.005780 0.287008
v -0.160893 0.005780 0.282008
v -0.002887 0.263803 0.190783
v 0.000000 0.263803 0.195783
v 0.002887 0.263803 0.190783
v -0.002887 0.005780 0.008333
v 0.002887 0.005780 0.008333
v -0.000000 0.001066 0.010000
vt 0.017320 0.750000
vt 0.491340 0.512990
vt 0.491340 0.987010
vt 0.991340 0.512990
vt 0.991340 0.987009
vt 0.517321 0.750000
vt 0.991340 0.012990
vt 0.991340 0.487010
vt 0.517320 0.250000
vt 0.491340 0.487010
vt 0.500000 0.487010
vt 0.487010 0.493505
vt 0.987010 0.506495
vt 1.000000 0.512990
vt 0.512990 0.256495
vt 0.512990 0.243505
vt 0.987010 0.006495
vt 1.000000 0.012990
vt 0.491340 0.012990
vt 0.012990 0.243505
vt 0.487010 0.006495
vt 1.000000 0.987010
vt 0.500000 0.987010
vt 0.487009 0.506495
vt 0.012990 0.756495
vt 0.017320 0.250000
vt 0.500000 0.012990
vt 0.500000 0.512990
vt 0.012990 0.743505
vt 0.487010 0.993505
vn 0.8165 0.3333 -0.4714
vn 0.0000 -1.0000 0.0000
vn -0.8165 0.3333 -0.4714
vn 0.8165 -0.3333 0.4714
vn -0.8165 -0.3333 0.4714
vn 0.0000 1.0000 0.0000
vn 0.0000 -0.3333 -0.9428
vn 0.0000 -0.5774 0.8165
vn -0.7071 0.5774 0.4082
vn -0.7071 -0.5773 -0.4082
vn 0.7071 -0.5773 -0.4082
vn 0.7071 0.5774 0.4083
vn 0.0000 0.5774 -0.8165
vn -0.0000 0.3333 0.9428
vn -0.7071 0.5773 0.4082
vn -0.7071 -0.5774 -0.4082
vn 0.7071 -0.5774 -0.4082
vn 0.7071 0.5773 0.4082
g Edge-uv_Cone.010_Material.007
usemtl Material.007
s off
f 93/178/118 87/179/118 95/180/118
f 88/181/119 96/182/119 86/183/119
f 94/184/120 90/185/120 91/186/120
f 85/187/121 86/188/121 87/189/121
f 88/181/122 89/190/122 90/191/122
f 91/186/123 92/192/123 93/193/123
f 94/184/124 95/194/124 96/195/124
f 89/196/125 86/188/125 85/187/125
f 89/196/126 91/197/126 90/198/126
f 96/182/127 90/191/127 94/199/127
f 87/179/128 96/200/128 95/180/128
f 93/178/129 85/201/129 87/179/129
f 95/180/130 91/202/130 93/178/130
f 85/187/131 92/203/131 89/196/131
f 89/196/125 88/204/125 86/188/125
f 89/196/132 92/203/132 91/197/132
f 96/182/133 88/181/133 90/191/133
f 87/179/134 86/205/134 96/200/134
f 93/178/135 92/206/135 85/201/135
f 95/180/130 94/207/130 91/202/130
o Edge-yz_Cone.009
v 0.002887 0.277946 -0.376567
v 0.000000 0.273232 -0.374900
v -0.002887 0.277946 -0.376567
v 0.002887 0.535969 -0.194117
v -0.002887 0.535969 -0.194117
v -0.000000 0.535969 -0.189117
v 0.158006 0.273232 -0.101225
v 0.160893 0.277946 -0.102892
v 0.158006 0.277946 -0.097892
v -0.158006 0.273232 -0.101225
v -0.158006 0.277946 -0.097892
v -0.160893 0.277946 -0.102892
vt 0.491339 0.512990
vt 0.491339 0.987010
vt 0.017321 0.750000
vt 0.491340 0.487010
vt 0.017321 0.250000
vt 0.491340 0.012990
vt 0.991340 0.012990
vt 0.991340 0.487010
vt 0.517321 0.250000
vt 0.991340 0.987009
vt 1.000000 0.987009
vt 0.987010 0.993505
vt 0.517321 0.750000
vt 0.512991 0.756495
vt 0.512991 0.743505
vt 0.012990 0.756495
vt 0.012990 0.743505
vt 0.487009 0.506495
vt 0.500000 0.512990
vt 0.500000 0.487010
vt 0.487010 0.493505
vt 0.012990 0.256495
vt 1.000000 0.512990
vt 1.000000 0.487010
vt 0.512991 0.243505
vt 0.987010 0.006495
vt 0.991340 0.512990
vt 0.500000 0.012990
vt 1.000000 0.012990
vn 0.0000 -1.0000 0.0000
vn -0.8165 0.3333 -0.4714
vn 0.0000 0.3333 0.9428
vn 0.0000 -0.3333 -0.9428
vn 0.0000 1.0000 -0.0000
vn 0.8165 -0.3333 0.4714
vn -0.8165 -0.3333 0.4714
vn 0.0000 0.5774 -0.8165
vn -0.7071 -0.5774 -0.4082
vn 0.7071 -0.5774 -0.4082
vn -0.7071 0.5774 0.4082
vn 0.7071 0.5773 0.4083
vn 0.0000 -0.5774 0.8165
vn 0.8165 0.3333 -0.4714
vn -0.7071 -0.5773 -0.4083
vn 0.7071 0.5774 0.4082
vn 0.0000 -0.5773 0.8165
g Edge-yz_Cone.009_Material.009
usemtl Material.009
s off
f 106/208/136 98/209/136 103/210/136
f 99/211/137 108/212/137 101/213/137
f 102/214/138 107/215/138 105/216/138
f 97/217/139 98/218/139 99/219/139
f 100/220/140 101/221/140 102/222/140
f 103/210/141 104/223/141 105/224/141
f 106/208/142 107/225/142 108/226/142
f 101/213/143 97/227/143 99/211/143
f 108/212/144 98/228/144 106/229/144
f 97/217/145 103/230/145 98/218/145
f 102/214/146 108/231/146 107/215/146
f 102/214/147 104/232/147 100/233/147
f 103/210/148 107/225/148 106/208/148
f 100/220/149 104/234/149 97/217/149
f 101/213/143 100/235/143 97/227/143
f 108/212/150 99/211/150 98/228/150
f 97/217/145 104/234/145 103/230/145
f 102/214/146 101/236/146 108/231/146
f 102/214/151 105/216/151 104/232/151
f 103/210/152 105/224/152 107/225/152
o Edge-vz_Cone.008
v 0.166667 0.535969 0.099558
v 0.169553 0.535969 0.094558
v 0.163780 0.535969 0.094558
v 0.324673 0.277946 0.190783
v 0.324673 0.273232 0.187450
v 0.327560 0.277946 0.185783
v 0.008660 0.273232 0.187450
v 0.008660 0.277946 0.190783
v 0.005774 0.277946 0.185783
v 0.166667 0.273232 -0.086225
v 0.163780 0.277946 -0.087892
v 0.169553 0.277946 -0.087892
vt 0.517320 0.750000
vt 0.991340 0.512990
vt 0.991340 0.987010
vt 0.491340 0.512990
vt 0.491340 0.987010
vt 0.017320 0.750000
vt 0.517320 0.250000
vt 0.991340 0.012990
vt 0.991340 0.487009
vt 0.491340 0.487010
vt 0.500000 0.487010
vt 0.487010 0.493505
vt 0.491340 0.012990
vt 0.487010 0.006495
vt 0.500000 0.012990
vt 1.000000 0.487009
vt 0.987010 0.493505
vt 0.512990 0.256495
vt 0.512990 0.243505
vt 0.500000 0.987010
vt 0.017321 0.250000
vt 0.012990 0.756495
vt 0.012990 0.256495
vt 0.500000 0.512990
vt 0.012990 0.243505
vt 0.487010 0.993505
vn -0.8165 0.3333 -0.4714
vn 0.8165 0.3333 -0.4714
vn 0.0000 -1.0000 0.0000
vn 0.0000 1.0000 0.0000
vn 0.8165 -0.3333 0.4714
vn -0.8165 -0.3333 0.4714
vn -0.0000 -0.3333 -0.9428
vn 0.7071 0.5774 0.4082
vn 0.7071 -0.5774 -0.4083
vn -0.0000 -0.5773 0.8165
vn -0.0000 0.5773 -0.8165
vn -0.7071 0.5774 0.4082
vn -0.7071 -0.5774 -0.4083
vn -0.0000 0.3333 0.9428
vn 0.7071 -0.5774 -0.4082
vn -0.0000 -0.5774 0.8165
vn -0.0000 0.5774 -0.8165
vn -0.7071 0.5774 0.4083
vn -0.7071 -0.5774 -0.4082
g Edge-vz_Cone.008_Material.005
usemtl Material.005
s off
f 111/237/153 119/238/153 117/239/153
f 114/240/154 120/241/154 110/242/154
f 118/243/155 113/244/155 115/245/155
f 109/246/156 110/247/156 111/248/156
f 112/249/157 113/250/157 114/251/157
f 115/245/158 116/252/158 117/253/158
f 118/243/159 119/254/159 120/255/159
f 109/246/160 114/251/160 110/247/160
f 114/240/161 118/256/161 120/241/161
f 116/257/162 113/250/162 112/249/162
f 120/241/163 111/258/163 110/242/163
f 116/257/164 111/248/164 117/259/164
f 118/243/165 117/253/165 119/254/165
f 109/246/166 116/257/166 112/249/166
f 109/246/160 112/249/160 114/251/160
f 114/240/167 113/260/167 118/256/167
f 116/257/168 115/261/168 113/250/168
f 120/241/169 119/262/169 111/258/169
f 116/257/170 109/246/170 111/248/170
f 118/243/171 115/245/171 117/253/171
o Edge-uz_Cone.007
v -0.166667 0.535969 0.099558
v -0.163780 0.535969 0.094558
v -0.169553 0.535969 0.094558
v -0.327560 0.277946 0.185783
v -0.324673 0.273232 0.187450
v -0.324673 0.277946 0.190783
v -0.008660 0.273232 0.187450
v -0.005773 0.277946 0.185783
v -0.008660 0.277946 0.190783
v -0.166667 0.273232 -0.086225
v -0.169553 0.277946 -0.087892
v -0.163780 0.277946 -0.087892
vt 0.517321 0.750000
vt 0.991340 0.512990
vt 0.991340 0.987010
vt 0.991340 0.487010
vt 0.517321 0.250000
vt 0.991340 0.012990
vt 0.491340 0.012990
vt 0.491340 0.487010
vt 0.017320 0.250000
vt 0.012990 0.256495
vt 0.012990 0.243505
vt 0.491340 0.987009
vt 0.500000 0.987009
vt 0.487010 0.993505
vt 0.987009 0.506495
vt 1.000000 0.512990
vt 0.512990 0.756495
vt 0.512990 0.743505
vt 0.012990 0.756495
vt 0.017321 0.750000
vt 0.500000 0.487010
vt 0.491340 0.512990
vt 0.987010 0.006495
vt 1.000000 0.487010
vt 0.512990 0.256495
vt 0.500000 0.012990
vt 0.500000 0.512990
vt 0.512990 0.243505
vt 1.000000 0.012990
vt 0.987009 0.493505
vn 0.0000 -1.0000 0.0000
vn 0.8165 0.3333 -0.4714
vn -0.0000 0.3333 0.9428
vn 0.0000 1.0000 0.0000
vn -0.8165 -0.3333 0.4714
vn 0.8165 -0.3333 0.4714
vn -0.0000 -0.3333 -0.9428
vn -0.7071 0.5774 0.4083
vn -0.0000 -0.5773 0.8165
vn -0.7071 -0.5774 -0.4082
vn 0.0000 0.5773 -0.8165
vn 0.7071 0.5774 0.4083
vn 0.7071 -0.5774 -0.4083
vn -0.8165 0.3333 -0.4714
vn -0.7071 0.5774 0.4082
vn -0.0000 -0.5774 0.8165
vn -0.7071 -0.5773 -0.4083
vn -0.0000 0.5774 -0.8165
vn 0.7071 0.5774 0.4082
vn 0.7071 -0.5774 -0.4082
g Edge-uz_Cone.007_Material.006
usemtl Material.006
s off
f 130/263/172 127/264/172 125/265/172
f 128/266/173 132/267/173 122/268/173
f 126/269/174 129/270/174 121/271/174
f 121/271/175 122/272/175 123/273/175
f 124/274/176 125/275/176 126/276/176
f 127/264/177 128/277/177 129/278/177
f 130/263/178 131/279/178 132/280/178
f 124/274/179 121/281/179 123/282/179
f 126/269/180 127/283/180 129/270/180
f 131/284/181 125/275/181 124/274/181
f 132/267/182 123/285/182 122/268/182
f 122/268/183 129/286/183 128/266/183
f 128/266/184 130/287/184 132/267/184
f 123/282/185 131/284/185 124/274/185
f 124/274/186 126/276/186 121/281/186
f 126/269/187 125/288/187 127/283/187
f 131/284/188 130/289/188 125/275/188
f 132/267/189 131/290/189 123/285/189
f 122/268/190 121/291/190 129/286/190
f 128/266/191 127/292/191 130/287/191
o Core-z_Cone.006
v -0.163780 0.540683 0.087892
v -0.163780 0.535969 0.094558
v -0.158006 0.540683 0.097892
v -0.158006 0.545397 0.091225
v 0.163780 0.540683 0.087892
v 0.158006 0.545397 0.091225
v 0.158006 0.540683 0.097892
v 0.163780 0.535969 0.094558
v -0.005774 0.540683 -0.185783
v -0.000000 0.545397 -0.182450
v 0.005773 0.540683 -0.185783
v -0.000000 0.535969 -0.189117
v 0.005774 0.277946 0.185783
v 0.000000 0.282660 0.189117
v -0.005773 0.277946 0.185783
v 0.000000 0.273232 0.182450
v 0.163780 0.277946 -0.087892
v 0.158006 0.273232 -0.091225
v 0.158006 0.277946 -0.097892
v 0.163780 0.282660 -0.094558
v -0.158006 0.277946 -0.097892
v -0.158006 0.273232 -0.091225
v -0.163780 0.277946 -0.087892
v -0.163780 0.282660 -0.094558
vt 0.678214 0.500000
vt 0.994226 0.341994
vt 0.994226 0.658006
vt 0.327560 0.991340
vt 0.011547 0.833333
vt 0.327560 0.675327
vt 0.344880 0.833333
vt 0.660893 0.675327
vt 0.660893 0.991340
vt 0.660893 0.324673
vt 0.344880 0.166667
vt 0.660893 0.008660
vt 0.011547 0.166667
vt 0.327560 0.008660
vt 0.327560 0.324673
vt 0.994226 0.008660
vt 0.994226 0.324673
vt 0.678214 0.166667
vt 0.011547 0.500000
vt 0.327560 0.341994
vt 0.327560 0.658006
vt 0.333333 0.324673
vt 0.324673 0.329003
vt 0.336220 0.831890
vt 0.341994 0.829003
vt 0.008660 0.170997
vt 0.008660 0.162337
vt 0.008660 0.837663
vt 0.008660 0.829003
vt 0.324673 0.670997
vt 0.333333 0.675327
vt 1.000000 0.658006
vt 0.991340 0.662337
vt 0.344880 0.500000
vt 0.658006 0.662337
vt 0.341994 0.504330
vt 0.660893 0.341994
vt 0.666667 0.658006
vt 0.660893 0.658006
vt 0.658006 0.337663
vt 0.333333 0.991340
vt 0.324673 0.004330
vt 0.666666 0.675327
vt 0.666667 0.991340
vt 0.341994 0.170997
vt 1.000000 0.008660
vt 1.000000 0.324673
vt 0.333333 0.330447
vt 0.341994 0.837663
vt 0.002887 0.168110
vt 0.002887 0.831890
vt 0.330446 0.668110
vt 1.000000 0.663780
vt 0.666667 0.341994
vt 0.341994 0.495670
vt 0.324673 0.995670
vt 0.333333 0.008660
vt 0.658006 0.329003
vt 1.000000 0.341994
vn -0.0000 -0.3333 -0.9428
vn 0.8165 -0.3333 0.4714
vn 0.8165 0.3333 -0.4714
vn -0.0000 0.3333 0.9428
vn -0.8165 0.3333 -0.4714
vn 0.0000 -1.0000 0.0000
vn -0.8165 -0.3333 0.4714
vn -0.7071 0.5774 0.4082
vn 0.7071 0.5774 0.4082
vn -0.0000 0.5774 -0.8165
vn 0.0000 -0.5773 0.8165
vn 0.7071 -0.5773 -0.4083
vn -0.7071 -0.5774 -0.4083
vn -0.5000 0.8165 -0.2887
vn 0.5000 0.8165 -0.2887
vn -0.0000 0.8165 0.5774
vn 1.0000 0.0000 -0.0000
vn 0.5000 0.0000 0.8660
vn -0.5000 -0.0000 -0.8660
vn 0.5000 0.0000 -0.8660
vn -1.0000 -0.0000 0.0000
vn -0.5000 -0.0000 0.8660
vn -0.5000 -0.8165 0.2887
vn -0.0000 -0.8165 -0.5774
vn 0.5000 -0.8165 0.2887
vn 0.0000 1.0000 0.0000
vn 0.7071 0.5773 0.4082
vn 0.7071 -0.5774 -0.4083
vn -0.7071 -0.5773 -0.4083
vn -0.0000 0.8165 0.5773
vn -0.0000 -0.8165 -0.5773
g Core-z_Cone.006_Material.011
usemtl Material.011
s off
f 144/293/192 151/294/192 153/295/192
f 140/296/193 145/297/193 149/298/193
f 137/299/194 152/300/194 143/301/194
f 135/302/195 146/303/195 139/304/195
f 141/305/196 156/306/196 133/307/196
f 148/308/197 154/309/197 150/310/197
f 134/311/198 155/312/198 147/313/198
f 134/314/199 136/315/199 133/307/199
f 137/299/200 139/316/200 140/317/200
f 142/318/201 144/319/201 141/305/201
f 146/320/202 148/321/202 145/297/202
f 150/322/203 152/323/203 149/298/203
f 154/324/204 156/325/204 153/295/204
f 136/326/205 141/327/205 133/328/205
f 138/329/206 143/330/206 142/331/206
f 136/326/207 139/332/207 138/329/207
f 140/296/208 152/323/208 137/333/208
f 140/296/209 146/320/209 145/297/209
f 141/305/210 153/334/210 156/306/210
f 143/301/211 151/335/211 144/336/211
f 156/306/212 134/314/212 133/307/212
f 135/302/213 147/337/213 146/303/213
f 154/309/214 147/338/214 155/339/214
f 151/294/215 154/324/215 153/295/215
f 149/298/216 148/321/216 150/322/216
f 136/326/217 138/329/217 142/331/217
f 134/314/199 135/340/199 136/315/199
f 137/299/218 138/341/218 139/316/218
f 142/318/201 143/342/201 144/319/201
f 146/320/202 147/343/202 148/321/202
f 150/322/219 151/344/219 152/323/219
f 154/324/220 155/345/220 156/325/220
f 136/326/205 142/331/205 141/327/205
f 138/329/206 137/346/206 143/330/206
f 136/326/221 135/347/221 139/332/221
f 140/296/208 149/298/208 152/323/208
f 140/296/209 139/348/209 146/320/209
f 141/305/210 144/319/210 153/334/210
f 143/301/211 152/300/211 151/335/211
f 156/306/212 155/349/212 134/314/212
f 135/302/213 134/350/213 147/337/213
f 154/309/214 148/308/214 147/338/214
f 151/294/222 150/351/222 154/324/222
f 149/298/216 145/297/216 148/321/216
o Tip-u_Cone.005
v -0.494226 0.005780 0.282008
v -0.491340 0.001066 0.283675
v -0.491340 0.005780 0.287008
v -0.333333 0.263803 0.195783
v -0.330447 0.263803 0.190783
v -0.336220 0.263803 0.190783
v -0.333333 0.001066 0.010000
v -0.336220 0.005780 0.008333
v -0.330447 0.005780 0.008333
v -0.175327 0.001066 0.283675
v -0.172440 0.005780 0.282008
v -0.175327 0.005780 0.287008
vt 0.440524 0.736966
vt 0.440524 0.263035
vt 0.850960 0.500000
vt 0.858459 0.512988
vt 0.858459 0.986919
vt 0.448022 0.749953
vt 0.015090 0.500000
vt 0.425527 0.263035
vt 0.425527 0.736966
vt 0.011341 0.506494
vt 0.011341 0.493506
vt 0.448022 0.250047
vt 0.444273 0.256541
vt 0.444273 0.243553
vt 0.444273 0.756447
vt 0.444273 0.743460
vt 0.854709 0.506494
vt 0.865957 0.512988
vt 0.421777 0.256541
vt 0.858459 0.013081
vt 0.865957 0.487012
vt 0.858459 0.487012
vt 0.865957 0.013081
vt 0.421777 0.743460
vn 0.8165 0.3333 -0.4714
vn 0.0000 -1.0000 0.0000
vn -0.8165 0.3333 -0.4714
vn -0.8165 -0.3333 0.4714
vn 0.0000 1.0000 0.0000
vn 0.0000 -0.3333 -0.9428
vn 0.8165 -0.3333 0.4714
vn -0.7071 0.5774 0.4082
vn -0.0000 -0.5774 0.8165
vn -0.7071 -0.5773 -0.4083
vn 0.0000 0.5774 -0.8165
vn 0.7071 0.5773 0.4082
vn 0.7071 -0.5773 -0.4082
vn -0.0000 0.3333 0.9428
vn -0.7071 -0.5774 -0.4082
vn 0.0000 0.5773 -0.8165
vn 0.7071 0.5774 0.4082
vn 0.7071 -0.5774 -0.4082
g Tip-u_Cone.005_Material.003
usemtl Material.003
s off
f 165/352/223 161/353/223 167/354/223
f 166/355/224 158/356/224 163/357/224
f 157/358/225 162/359/225 164/360/225
f 157/358/226 158/361/226 159/362/226
f 160/363/227 161/364/227 162/365/227
f 163/357/228 164/366/228 165/367/228
f 166/355/229 167/368/229 168/369/229
f 157/358/230 160/370/230 162/359/230
f 159/371/231 166/372/231 168/373/231
f 164/360/232 158/361/232 157/358/232
f 165/352/233 162/359/233 161/353/233
f 160/363/234 167/354/234 161/353/234
f 167/354/235 163/357/235 165/352/235
f 160/363/236 159/371/236 168/373/236
f 157/358/230 159/362/230 160/370/230
f 159/371/231 158/374/231 166/372/231
f 164/360/237 163/375/237 158/361/237
f 165/352/238 164/360/238 162/359/238
f 160/363/239 168/373/239 167/354/239
f 167/354/240 166/355/240 163/357/240
o Tip-v_Cone.004
v 0.491340 0.001066 0.283675
v 0.494226 0.005780 0.282008
v 0.491340 0.005780 0.287008
v 0.336220 0.263803 0.190783
v 0.330447 0.263803 0.190783
v 0.333333 0.263803 0.195783
v 0.175327 0.001066 0.283675
v 0.175327 0.005780 0.287008
v 0.172440 0.005780 0.282008
v 0.333333 0.001066 0.010000
v 0.330447 0.005780 0.008333
v 0.336220 0.005780 0.008333
vt 0.500000 0.015090
vt 0.736966 0.425527
vt 0.263035 0.425527
vt 0.986919 0.007592
vt 0.749954 0.418028
vt 0.512988 0.007592
vt 0.736966 0.440524
vt 0.500000 0.850960
vt 0.263035 0.440524
vt 0.013081 0.007592
vt 0.006587 0.011341
vt 0.013081 0.000093
vt 0.736966 0.433025
vt 0.743460 0.444273
vt 0.487012 0.007592
vt 0.487012 0.000093
vt 0.493506 0.011341
vt 0.250047 0.418028
vt 0.256541 0.421777
vt 0.243553 0.421777
vt 0.493506 0.854709
vt 0.256541 0.444273
vt 0.993413 0.011341
vt 0.756447 0.421777
vt 0.986919 0.000093
vt 0.512988 0.000093
vn -0.8165 0.3333 -0.4714
vn -0.0000 0.3333 0.9428
vn 0.8165 0.3333 -0.4714
vn 0.8165 -0.3333 0.4714
vn 0.0000 1.0000 0.0000
vn -0.8165 -0.3333 0.4714
vn 0.0000 -0.3333 -0.9428
vn 0.7071 -0.5774 -0.4082
vn 0.7071 0.5773 0.4082
vn -0.0000 -0.5774 0.8165
vn -0.7071 0.5773 0.4082
vn 0.0000 0.5773 -0.8165
vn -0.7071 -0.5773 -0.4082
vn 0.0000 -1.0000 0.0000
vn 0.7071 -0.5773 -0.4083
vn -0.7071 -0.5774 -0.4082
g Tip-v_Cone.004_Material
usemtl Material
s off
f 177/376/241 173/377/241 179/378/241
f 171/379/242 174/380/242 176/381/242
f 172/382/243 170/383/243 180/384/243
f 169/385/244 170/386/244 171/387/244
f 172/382/245 173/388/245 174/389/245
f 175/390/246 176/391/246 177/392/246
f 178/393/247 179/394/247 180/395/247
f 180/384/248 169/396/248 178/397/248
f 174/380/249 170/398/249 172/399/249
f 176/381/250 169/400/250 171/379/250
f 173/377/251 176/381/251 174/380/251
f 180/384/252 173/377/252 172/382/252
f 178/393/253 177/376/253 179/378/253
f 178/393/254 169/385/254 175/390/254
f 180/384/255 170/383/255 169/396/255
f 174/380/249 171/379/249 170/398/249
f 176/381/250 175/401/250 169/400/250
f 173/377/251 177/376/251 176/381/251
f 180/384/252 179/378/252 173/377/252
f 178/393/256 175/390/256 177/376/256
o Tip-y_Cone.003
v -0.000000 0.001066 -0.567350
v -0.002887 0.005780 -0.569017
v 0.002887 0.005780 -0.569017
v -0.002887 0.263803 -0.386567
v 0.000000 0.263803 -0.381567
v 0.002887 0.263803 -0.386567
v -0.158006 0.001066 -0.293675
v -0.158006 0.005780 -0.290342
v -0.160893 0.005780 -0.295342
v 0.158006 0.001066 -0.293675
v 0.160893 0.005780 -0.295342
v 0.158006 0.005780 -0.290342
vt 0.500000 0.015090
vt 0.736965 0.425526
vt 0.263034 0.425527
vt 0.736965 0.440524
vt 0.500000 0.850960
vt 0.263034 0.440524
vt 0.986919 0.858459
vt 0.512988 0.858459
vt 0.749953 0.448022
vt 0.493506 0.011341
vt 0.506494 0.011341
vt 0.487012 0.858459
vt 0.493506 0.854709
vt 0.487012 0.865957
vt 0.263034 0.433025
vt 0.256540 0.421777
vt 0.743459 0.421777
vt 0.736965 0.433025
vt 0.250046 0.448022
vt 0.006587 0.854709
vt 0.243552 0.444273
vt 0.013081 0.865957
vt 0.013081 0.858459
vt 0.993413 0.854709
vt 0.756447 0.444273
vn 0.0000 -1.0000 0.0000
vn 0.0000 0.3333 0.9428
vn 0.8165 0.3333 -0.4714
vn 0.0000 -0.3333 -0.9428
vn 0.0000 1.0000 0.0000
vn -0.8165 -0.3333 0.4714
vn 0.8165 -0.3333 0.4714
vn -0.7071 -0.5773 -0.4082
vn 0.0000 0.5774 -0.8165
vn 0.7071 -0.5774 -0.4082
vn 0.7071 0.5774 0.4083
vn -0.7071 0.5774 0.4082
vn -0.0000 -0.5774 0.8165
vn -0.8165 0.3333 -0.4714
vn -0.7071 -0.5774 -0.4082
vn 0.7071 0.5774 0.4082
g Tip-y_Cone.003_Material.002
usemtl Material.002
s off
f 181/402/257 190/403/257 187/404/257
f 192/405/258 185/406/258 188/407/258
f 183/408/259 186/409/259 191/410/259
f 181/402/260 182/411/260 183/412/260
f 184/413/261 185/414/261 186/415/261
f 187/404/262 188/416/262 189/417/262
f 190/403/263 191/418/263 192/419/263
f 189/420/264 181/421/264 187/422/264
f 184/413/265 183/423/265 182/424/265
f 191/410/266 181/425/266 183/408/266
f 192/405/267 186/409/267 185/406/267
f 189/420/268 185/406/268 184/413/268
f 188/407/269 190/403/269 192/405/269
f 184/413/270 182/424/270 189/420/270
f 189/420/271 182/424/271 181/421/271
f 184/413/265 186/415/265 183/423/265
f 191/410/266 190/426/266 181/425/266
f 192/405/272 191/410/272 186/409/272
f 189/420/268 188/407/268 185/406/268
f 188/407/269 187/404/269 190/403/269
o Tip-z_Cone.002
v 0.002887 0.808135 -0.001667
v -0.002887 0.808135 -0.001667
v 0.000000 0.808135 0.003333
v -0.158006 0.550111 0.094558
v -0.160893 0.550111 0.089558
v -0.158006 0.545397 0.091225
v 0.158006 0.550111 0.094558
v 0.158006 0.545397 0.091225
v 0.160893 0.550111 0.089558
v 0.002887 0.550111 -0.184117
v -0.000000 0.545397 -0.182450
v -0.002887 0.550111 -0.184117
vt 0.263035 0.440524
vt 0.736966 0.440524
vt 0.500000 0.850960
vt 0.487012 0.007592
vt 0.250047 0.418028
vt 0.013081 0.007592
vt 0.263035 0.425527
vt 0.500000 0.015090
vt 0.736965 0.425527
vt 0.986919 0.007592
vt 0.986919 0.000093
vt 0.993413 0.011341
vt 0.256541 0.444273
vt 0.263035 0.433025
vt 0.736966 0.433025
vt 0.743460 0.444273
vt 0.512988 0.007592
vt 0.506494 0.011341
vt 0.512988 0.000093
vt 0.487012 0.000093
vt 0.006587 0.011341
vt 0.506494 0.854710
vt 0.749954 0.418028
vt 0.013081 0.000093
vt 0.243553 0.421777
vn -0.0000 0.3333 0.9428
vn -0.8165 0.3333 -0.4714
vn 0.0000 -1.0000 -0.0000
vn 0.0000 1.0000 0.0000
vn -0.8165 -0.3333 0.4714
vn 0.8165 -0.3333 0.4714
vn 0.0000 -0.3333 -0.9428
vn 0.0000 0.5774 -0.8165
vn -0.7071 0.5773 0.4083
vn 0.7071 0.5774 0.4082
vn -0.7071 -0.5774 -0.4082
vn 0.7071 -0.5774 -0.4082
vn -0.0000 -0.5774 0.8165
vn 0.8165 0.3333 -0.4714
vn -0.7071 0.5774 0.4082
vn -0.7071 -0.5773 -0.4083
vn 0.7071 -0.5773 -0.4083
vn -0.0000 -0.5773 0.8165
g Tip-z_Cone.002_Material.004
usemtl Material.004
s off
f 196/427/273 199/428/273 195/429/273
f 204/430/274 197/431/274 194/432/274
f 198/433/275 203/434/275 200/435/275
f 193/436/276 194/437/276 195/438/276
f 196/427/277 197/439/277 198/440/277
f 199/428/278 200/441/278 201/442/278
f 202/443/279 203/444/279 204/445/279
f 194/432/280 202/446/280 204/430/280
f 197/431/281 195/447/281 194/432/281
f 199/428/282 193/448/282 195/429/282
f 204/430/283 198/433/283 197/431/283
f 201/449/284 203/434/284 202/443/284
f 196/427/285 200/435/285 199/428/285
f 201/449/286 202/443/286 193/436/286
f 194/432/280 193/450/280 202/446/280
f 197/431/287 196/451/287 195/447/287
f 199/428/282 201/442/282 193/448/282
f 204/430/288 203/434/288 198/433/288
f 201/449/289 200/435/289 203/434/289
f 196/427/290 198/433/290 200/435/290
o Core-u_Cone
v -0.324673 0.268518 0.194117
v -0.324673 0.273232 0.187450
v -0.330447 0.268518 0.184117
v -0.330447 0.263803 0.190783
v -0.330447 0.010494 0.001667
v -0.324673 0.005780 -0.001667
v -0.324673 0.001066 0.005000
v -0.330447 0.005780 0.008333
v -0.166667 0.010494 0.285342
v -0.172440 0.005780 0.282008
v -0.166667 0.001066 0.278675
v -0.160893 0.005780 0.282008
v -0.008660 0.273232 0.187450
v -0.008660 0.268518 0.194117
v -0.002887 0.263803 0.190783
v -0.002887 0.268518 0.184117
v -0.002887 0.005780 0.008333
v -0.008660 0.001066 0.005000
v -0.008660 0.005780 -0.001667
v -0.002887 0.010494 0.001667
v -0.166667 0.273232 -0.086225
v -0.160893 0.268518 -0.089558
v -0.166667 0.263803 -0.092892
v -0.172440 0.268518 -0.089558
vt 0.327560 0.675327
vt 0.327560 0.991340
vt 0.011547 0.833333
vt 0.678214 0.166667
vt 0.994227 0.008660
vt 0.994226 0.324673
vt 0.994226 0.341994
vt 0.994226 0.658006
vt 0.678214 0.500000
vt 0.327560 0.008660
vt 0.327560 0.324673
vt 0.011547 0.166667
vt 0.011547 0.500000
vt 0.327560 0.341994
vt 0.327560 0.658006
vt 0.344880 0.166667
vt 0.660893 0.008660
vt 0.660893 0.324673
vt 0.660893 0.341994
vt 0.660893 0.658006
vt 0.344880 0.500000
vt 0.663780 0.331890
vt 0.658006 0.329003
vt 0.330446 0.001443
vt 0.333333 0.008660
vt 0.341994 0.170997
vt 0.341993 0.162337
vt 0.660893 0.675327
vt 0.666667 0.669554
vt 0.666667 0.675327
vt 0.997113 0.001443
vt 1.000000 0.008660
vt 0.666667 0.991340
vt 0.658006 0.995670
vt 0.660893 0.991340
vt 0.344880 0.833333
vt 0.658006 0.670997
vt 0.991340 0.329003
vt 0.675327 0.170997
vt 0.991340 0.004330
vt 0.341994 0.837664
vt 0.324673 0.004330
vt 0.324673 0.337664
vt 0.333333 0.324673
vt 0.675327 0.504330
vt 0.008660 0.504330
vt 0.666667 0.658006
vt 0.658006 0.337664
vt 1.000000 0.324673
vt 0.666667 0.324673
vt 0.336220 0.168110
vt 0.666667 0.997113
vt 0.341994 0.829003
vt 0.675327 0.162336
vt 0.008660 0.162337
vt 0.008660 0.495670
vt 0.991340 0.662337
vt 0.324673 0.662337
vt 0.666667 0.341994
vt 0.341994 0.495670
vn 0.0000 -0.3333 -0.9428
vn 0.8165 -0.3333 0.4714
vn -0.8165 -0.3333 0.4714
vn -0.8165 0.3333 -0.4714
vn 0.0000 -1.0000 -0.0000
vn -0.0000 0.3333 0.9428
vn 0.8165 0.3333 -0.4714
vn -0.7071 0.5773 0.4083
vn -0.7071 -0.5774 -0.4082
vn 0.0000 -0.5773 0.8165
vn 0.7071 0.5773 0.4082
vn 0.7071 -0.5773 -0.4082
vn 0.0000 0.5773 -0.8165
vn -0.0000 0.8165 0.5773
vn 0.5000 0.0000 0.8660
vn 0.5000 -0.8165 0.2887
vn -0.5000 0.8165 -0.2887
vn -0.5000 0.0000 -0.8660
vn 0.0000 -0.8165 -0.5774
vn -1.0000 -0.0000 0.0000
vn -0.5000 0.0000 0.8660
vn -0.5000 -0.8165 0.2887
vn 0.5000 0.8165 -0.2887
vn 0.5000 0.0000 -0.8660
vn 1.0000 0.0000 -0.0000
vn 0.0000 1.0000 0.0000
vn -0.7071 0.5774 0.4082
vn 0.7071 0.5773 0.4083
vn 0.7071 -0.5774 -0.4082
vn -0.0000 0.8165 0.5774
vn 0.0000 -0.8165 -0.5773
g Core-u_Cone_Material.013
usemtl Material.013
s off
f 210/452/291 227/453/291 223/454/291
f 216/455/292 221/456/292 219/457/292
f 212/458/293 214/459/293 208/460/293
f 209/461/294 207/462/294 228/463/294
f 211/464/295 222/465/295 215/466/295
f 213/467/296 218/468/296 205/469/296
f 226/470/297 220/471/297 224/472/297
f 205/469/298 207/473/298 208/474/298
f 209/461/299 211/475/299 212/476/299
f 214/477/300 216/478/300 213/467/300
f 217/479/301 219/480/301 220/481/301
f 221/456/302 223/482/302 224/483/302
f 226/484/303 228/485/303 225/486/303
f 206/487/304 218/488/304 217/479/304
f 216/455/305 218/489/305 213/490/305
f 216/455/306 222/491/306 221/456/306
f 225/486/307 207/492/307 206/487/307
f 228/463/308 210/493/308 209/461/308
f 211/464/309 223/494/309 222/465/309
f 209/461/310 208/495/310 207/462/310
f 214/459/311 205/496/311 208/460/311
f 215/466/312 212/497/312 211/464/312
f 226/470/313 217/498/313 220/471/313
f 224/472/314 227/499/314 226/470/314
f 219/457/315 224/483/315 220/500/315
f 206/487/316 217/479/316 225/486/316
f 205/469/317 206/501/317 207/473/317
f 209/461/299 210/493/299 211/475/299
f 214/477/300 215/502/300 216/478/300
